2016 01 03 11 57
2016 01 11 06 29
2016 01 15 23 43
2016 01 18 17 24
2016 01 22 19 09
2016 01 25 02 40
2016 02 07 14 29
2016 02 08 03 47
2016 02 14 05 07
2016 02 15 14 05
2016 02 18 15 48
2016 02 28 15 05
2016 03 02 04 54
2016 03 07 07 58
2016 03 07 16 29
2016 04 02 14 28
2016 04 12 01 06
2016 04 18 14 32
2016 04 23 13 04
2016 04 25 23 56
2016 05 01 10 16
2016 05 08 04 29
2016 05 19 15 40
2016 05 19 21 09
2016 05 20 23 42
2016 05 26 07 44
2016 05 28 15 28
2016 06 05 01 30
2016 06 07 11 24
2016 06 13 06 04
2016 06 20 04 04
2016 06 20 04 14
2016 07 07 11 02
2016 07 11 15 14
2016 07 12 20 06
2016 07 16 15 16
2016 07 25 01 50
2016 07 25 07 53
2016 07 27 19 28
2016 08 23 11 47
2016 09 05 11 18
2016 09 09 04 14
2016 09 14 22 52
2016 09 17 05 41
2016 09 21 19 30
2016 09 23 23 46
2016 09 26 10 40
2016 10 02 01 46
2016 10 06 01 43
2016 10 10 07 46
2016 10 12 20 56
2016 10 14 10 26
2016 10 25 06 50
2016 10 27 15 07
2016 11 06 10 00
2016 11 11 00 15
2016 11 24 23 42
2016 12 10 23 33
2016 12 13 09 38
2016 12 18 21 31
